269,346
270,346
271,346
272,346
273,346
274,346
275,346
276,346
277,346
278,346
279,346
280,346
281,346
282,346
283,346
284,346
285,346
286,346
287,346
288,346
289,346
290,346
291,346
292,346
293,346
294,346
295,346
296,346
297,346
298,346
299,346
300,346
301,346
302,346
303,346
304,346
305,346
306,346
307,346
308,346
309,346
257,347
258,347
259,347
260,347
261,347
262,347
263,347
264,347
265,347
266,347
267,347
268,347
269,347
270,347
271,347
272,347
273,347
274,347
275,347
276,347
277,347
278,347
279,347
280,347
281,347
282,347
283,347
284,347
285,347
286,347
287,347
288,347
289,347
290,347
291,347
292,347
293,347
294,347
295,347
296,347
297,347
298,347
299,347
300,347
301,347
302,347
303,347
304,347
305,347
306,347
307,347
308,347
309,347
310,347
258,348
259,348
260,348
261,348
262,348
263,348
264,348
265,348
266,348
267,348
268,348
269,348
270,348
271,348
272,348
273,348
274,348
275,348
276,348
277,348
278,348
279,348
280,348
281,348
282,348
283,348
284,348
285,348
286,348
287,348
288,348
289,348
290,348
291,348
292,348
293,348
294,348
295,348
296,348
297,348
298,348
299,348
300,348
301,348
302,348
303,348
304,348
305,348
306,348
307,348
308,348
309,348
310,348
311,348
259,349
260,349
261,349
262,349
263,349
264,349
265,349
266,349
267,349
268,349
269,349
270,349
271,349
272,349
273,349
274,349
275,349
276,349
277,349
278,349
279,349
280,349
281,349
282,349
283,349
284,349
285,349
286,349
287,349
288,349
289,349
290,349
291,349
292,349
293,349
294,349
295,349
296,349
297,349
298,349
299,349
300,349
301,349
302,349
303,349
304,349
305,349
306,349
307,349
308,349
309,349
310,349
311,349
312,349
259,350
260,350
261,350
262,350
263,350
264,350
265,350
266,350
267,350
268,350
269,350
270,350
271,350
272,350
273,350
274,350
275,350
276,350
277,350
278,350
279,350
280,350
281,350
282,350
283,350
284,350
285,350
286,350
287,350
288,350
289,350
290,350
291,350
292,350
293,350
294,350
295,350
296,350
297,350
298,350
299,350
300,350
301,350
302,350
303,350
304,350
305,350
306,350
307,350
308,350
309,350
310,350
311,350
312,350
313,350
260,351
261,351
262,351
263,351
264,351
265,351
266,351
267,351
268,351
269,351
270,351
271,351
272,351
273,351
274,351
275,351
276,351
277,351
278,351
279,351
280,351
281,351
282,351
283,351
284,351
285,351
286,351
287,351
288,351
289,351
290,351
291,351
292,351
293,351
294,351
295,351
296,351
297,351
298,351
299,351
300,351
301,351
302,351
303,351
304,351
305,351
306,351
307,351
308,351
309,351
310,351
311,351
312,351
313,351
260,352
261,352
262,352
263,352
264,352
265,352
266,352
267,352
268,352
269,352
270,352
271,352
272,352
273,352
274,352
275,352
276,352
277,352
278,352
279,352
280,352
281,352
282,352
283,352
284,352
285,352
286,352
287,352
288,352
289,352
290,352
291,352
292,352
293,352
294,352
295,352
296,352
297,352
298,352
299,352
300,352
301,352
302,352
303,352
304,352
305,352
306,352
307,352
308,352
309,352
310,352
311,352
312,352
313,352
314,352
260,353
261,353
262,353
263,353
264,353
265,353
266,353
267,353
268,353
269,353
270,353
271,353
272,353
273,353
274,353
275,353
276,353
277,353
278,353
279,353
280,353
281,353
282,353
283,353
284,353
285,353
286,353
287,353
288,353
289,353
290,353
291,353
292,353
293,353
294,353
295,353
296,353
297,353
298,353
299,353
300,353
301,353
302,353
303,353
304,353
305,353
306,353
307,353
308,353
309,353
310,353
311,353
312,353
313,353
314,353
315,353
316,353
260,354
261,354
262,354
263,354
264,354
265,354
266,354
267,354
268,354
269,354
270,354
271,354
272,354
273,354
274,354
275,354
276,354
277,354
278,354
279,354
280,354
281,354
282,354
283,354
284,354
285,354
286,354
287,354
288,354
289,354
290,354
291,354
292,354
293,354
294,354
295,354
296,354
297,354
298,354
299,354
300,354
301,354
302,354
303,354
304,354
305,354
306,354
307,354
308,354
309,354
310,354
311,354
312,354
313,354
314,354
315,354
316,354
317,354
261,355
262,355
263,355
264,355
265,355
266,355
267,355
268,355
269,355
270,355
271,355
272,355
273,355
274,355
275,355
276,355
277,355
278,355
279,355
280,355
281,355
282,355
283,355
284,355
285,355
286,355
287,355
288,355
289,355
290,355
291,355
292,355
293,355
294,355
295,355
296,355
297,355
298,355
299,355
300,355
301,355
302,355
303,355
304,355
305,355
306,355
307,355
308,355
309,355
310,355
311,355
312,355
313,355
314,355
315,355
316,355
317,355
318,355
261,356
262,356
263,356
264,356
265,356
266,356
267,356
268,356
269,356
270,356
271,356
272,356
273,356
274,356
275,356
276,356
277,356
278,356
279,356
280,356
281,356
282,356
283,356
284,356
285,356
286,356
287,356
288,356
289,356
290,356
291,356
292,356
293,356
294,356
295,356
296,356
297,356
298,356
299,356
300,356
301,356
302,356
303,356
304,356
305,356
306,356
307,356
308,356
309,356
310,356
311,356
312,356
313,356
314,356
315,356
316,356
317,356
318,356
319,356
260,357
261,357
262,357
263,357
264,357
265,357
266,357
267,357
268,357
269,357
270,357
271,357
272,357
273,357
274,357
275,357
276,357
277,357
278,357
279,357
280,357
281,357
282,357
283,357
284,357
285,357
286,357
287,357
288,357
289,357
290,357
291,357
292,357
293,357
294,357
295,357
296,357
297,357
298,357
299,357
300,357
301,357
302,357
303,357
304,357
305,357
306,357
307,357
308,357
309,357
310,357
311,357
312,357
313,357
314,357
315,357
316,357
317,357
318,357
319,357
262,358
263,358
264,358
265,358
266,358
267,358
268,358
269,358
270,358
271,358
272,358
273,358
274,358
275,358
276,358
277,358
278,358
279,358
280,358
281,358
282,358
283,358
284,358
285,358
286,358
287,358
288,358
289,358
290,358
291,358
292,358
293,358
294,358
295,358
296,358
297,358
298,358
299,358
300,358
301,358
302,358
303,358
304,358
305,358
306,358
307,358
308,358
309,358
310,358
311,358
312,358
313,358
314,358
315,358
316,358
317,358
318,358
319,358
320,358
262,359
263,359
264,359
265,359
266,359
267,359
268,359
269,359
270,359
271,359
272,359
273,359
274,359
275,359
276,359
277,359
278,359
279,359
280,359
281,359
282,359
283,359
284,359
285,359
286,359
287,359
288,359
289,359
290,359
291,359
292,359
293,359
294,359
295,359
296,359
297,359
298,359
299,359
300,359
301,359
302,359
303,359
304,359
305,359
306,359
307,359
308,359
309,359
310,359
311,359
312,359
313,359
314,359
315,359
316,359
317,359
318,359
319,359
320,359
262,360
263,360
264,360
265,360
266,360
267,360
268,360
269,360
270,360
271,360
272,360
273,360
274,360
275,360
276,360
277,360
278,360
279,360
280,360
281,360
282,360
283,360
284,360
285,360
286,360
287,360
288,360
289,360
290,360
291,360
292,360
293,360
294,360
295,360
296,360
297,360
298,360
299,360
300,360
301,360
302,360
303,360
304,360
305,360
306,360
307,360
308,360
309,360
310,360
311,360
312,360
313,360
314,360
315,360
316,360
317,360
318,360
319,360
320,360
321,360
262,361
263,361
264,361
265,361
266,361
267,361
268,361
269,361
270,361
271,361
272,361
273,361
274,361
275,361
276,361
277,361
278,361
279,361
280,361
281,361
282,361
283,361
284,361
285,361
286,361
287,361
288,361
289,361
290,361
291,361
292,361
293,361
294,361
295,361
296,361
297,361
298,361
299,361
300,361
301,361
302,361
303,361
304,361
305,361
306,361
307,361
308,361
309,361
310,361
311,361
312,361
313,361
314,361
315,361
316,361
317,361
318,361
319,361
320,361
321,361
262,362
263,362
264,362
265,362
266,362
267,362
268,362
269,362
270,362
271,362
272,362
273,362
274,362
275,362
276,362
277,362
278,362
279,362
280,362
281,362
282,362
283,362
284,362
285,362
286,362
287,362
288,362
289,362
290,362
291,362
292,362
293,362
294,362
295,362
296,362
297,362
298,362
299,362
300,362
301,362
302,362
303,362
304,362
305,362
306,362
307,362
308,362
309,362
310,362
311,362
312,362
313,362
314,362
315,362
316,362
317,362
318,362
319,362
320,362
321,362
322,362
323,362
324,362
325,362
326,362
327,362
328,362
329,362
330,362
331,362
261,363
262,363
263,363
264,363
265,363
266,363
267,363
268,363
269,363
270,363
271,363
272,363
273,363
274,363
275,363
276,363
277,363
278,363
279,363
280,363
281,363
282,363
283,363
284,363
285,363
286,363
287,363
288,363
289,363
290,363
291,363
292,363
293,363
294,363
295,363
296,363
297,363
298,363
299,363
300,363
301,363
302,363
303,363
304,363
305,363
306,363
307,363
308,363
309,363
310,363
311,363
312,363
313,363
314,363
315,363
316,363
317,363
318,363
319,363
320,363
321,363
322,363
323,363
324,363
325,363
326,363
327,363
328,363
329,363
330,363
331,363
332,363
261,364
262,364
263,364
264,364
265,364
266,364
267,364
268,364
269,364
270,364
271,364
272,364
273,364
274,364
275,364
276,364
277,364
278,364
279,364
280,364
281,364
282,364
283,364
284,364
285,364
286,364
287,364
288,364
289,364
290,364
291,364
292,364
293,364
294,364
295,364
296,364
297,364
298,364
299,364
300,364
301,364
302,364
303,364
304,364
305,364
306,364
307,364
308,364
309,364
310,364
311,364
312,364
313,364
314,364
315,364
316,364
317,364
318,364
319,364
320,364
321,364
322,364
323,364
324,364
325,364
326,364
327,364
328,364
329,364
330,364
331,364
332,364
260,365
261,365
262,365
263,365
264,365
265,365
266,365
267,365
268,365
269,365
270,365
271,365
272,365
273,365
274,365
275,365
276,365
277,365
278,365
279,365
280,365
281,365
282,365
283,365
284,365
285,365
286,365
287,365
288,365
289,365
290,365
291,365
292,365
293,365
294,365
295,365
296,365
297,365
298,365
299,365
300,365
301,365
302,365
303,365
304,365
305,365
306,365
307,365
308,365
309,365
310,365
311,365
312,365
313,365
314,365
315,365
316,365
317,365
318,365
319,365
320,365
321,365
322,365
323,365
324,365
325,365
326,365
327,365
328,365
329,365
330,365
331,365
332,365
333,365
334,365
260,366
261,366
262,366
263,366
264,366
265,366
266,366
267,366
268,366
269,366
270,366
271,366
272,366
273,366
274,366
275,366
276,366
277,366
278,366
279,366
280,366
281,366
282,366
283,366
284,366
285,366
286,366
287,366
288,366
289,366
290,366
291,366
292,366
293,366
294,366
295,366
296,366
297,366
298,366
299,366
300,366
301,366
302,366
303,366
304,366
305,366
306,366
307,366
308,366
309,366
310,366
311,366
312,366
313,366
314,366
315,366
316,366
317,366
318,366
319,366
320,366
321,366
322,366
323,366
324,366
325,366
326,366
327,366
328,366
329,366
330,366
331,366
332,366
333,366
334,366
259,367
260,367
261,367
262,367
263,367
264,367
265,367
266,367
267,367
268,367
269,367
270,367
271,367
272,367
273,367
274,367
275,367
276,367
277,367
278,367
279,367
280,367
281,367
282,367
283,367
284,367
285,367
286,367
287,367
288,367
289,367
290,367
291,367
292,367
293,367
294,367
295,367
296,367
297,367
298,367
299,367
300,367
301,367
302,367
303,367
304,367
305,367
306,367
307,367
308,367
309,367
310,367
311,367
312,367
313,367
314,367
315,367
316,367
317,367
318,367
319,367
320,367
321,367
322,367
323,367
324,367
325,367
326,367
327,367
328,367
329,367
330,367
331,367
332,367
333,367
334,367
335,367
258,368
259,368
260,368
261,368
262,368
263,368
264,368
265,368
266,368
267,368
268,368
269,368
270,368
271,368
272,368
273,368
274,368
275,368
276,368
277,368
278,368
279,368
280,368
281,368
282,368
283,368
284,368
285,368
286,368
287,368
288,368
289,368
290,368
291,368
292,368
293,368
294,368
295,368
296,368
297,368
298,368
299,368
300,368
301,368
302,368
303,368
304,368
305,368
306,368
307,368
308,368
309,368
310,368
311,368
312,368
313,368
314,368
315,368
316,368
317,368
318,368
319,368
320,368
321,368
322,368
323,368
324,368
325,368
326,368
327,368
328,368
329,368
330,368
331,368
332,368
333,368
334,368
335,368
336,368
258,369
259,369
260,369
261,369
262,369
263,369
264,369
265,369
266,369
267,369
268,369
269,369
270,369
271,369
272,369
273,369
274,369
275,369
276,369
277,369
278,369
279,369
280,369
281,369
282,369
283,369
284,369
285,369
286,369
287,369
288,369
289,369
290,369
291,369
292,369
293,369
294,369
295,369
296,369
297,369
298,369
299,369
300,369
301,369
302,369
303,369
304,369
305,369
306,369
307,369
308,369
309,369
310,369
311,369
312,369
313,369
314,369
315,369
316,369
317,369
318,369
319,369
320,369
321,369
322,369
323,369
324,369
325,369
326,369
327,369
328,369
329,369
330,369
331,369
332,369
333,369
334,369
335,369
336,369
258,370
259,370
260,370
261,370
262,370
263,370
264,370
265,370
266,370
267,370
268,370
269,370
270,370
271,370
272,370
273,370
274,370
275,370
276,370
277,370
278,370
279,370
280,370
281,370
282,370
283,370
284,370
285,370
286,370
287,370
288,370
289,370
290,370
291,370
292,370
293,370
294,370
295,370
296,370
297,370
298,370
299,370
300,370
301,370
302,370
303,370
304,370
305,370
306,370
307,370
308,370
309,370
310,370
311,370
312,370
313,370
314,370
315,370
316,370
317,370
318,370
319,370
320,370
321,370
322,370
323,370
324,370
325,370
326,370
327,370
328,370
329,370
330,370
331,370
332,370
333,370
334,370
335,370
336,370
257,371
261,371
262,371
263,371
264,371
265,371
266,371
267,371
268,371
269,371
270,371
271,371
272,371
273,371
274,371
275,371
276,371
277,371
278,371
279,371
280,371
281,371
282,371
283,371
284,371
285,371
286,371
287,371
288,371
289,371
290,371
291,371
292,371
293,371
294,371
295,371
296,371
297,371
298,371
299,371
300,371
301,371
302,371
303,371
304,371
305,371
306,371
307,371
308,371
309,371
310,371
311,371
312,371
313,371
314,371
315,371
316,371
317,371
318,371
319,371
320,371
321,371
322,371
323,371
324,371
325,371
326,371
327,371
328,371
329,371
330,371
331,371
332,371
333,371
334,371
335,371
336,371
256,372
258,372
259,372
261,372
262,372
263,372
264,372
265,372
266,372
267,372
268,372
269,372
270,372
271,372
272,372
273,372
274,372
275,372
276,372
277,372
278,372
279,372
280,372
281,372
282,372
283,372
284,372
285,372
286,372
287,372
288,372
289,372
290,372
291,372
292,372
293,372
294,372
295,372
296,372
297,372
298,372
299,372
300,372
301,372
302,372
303,372
304,372
305,372
306,372
307,372
308,372
309,372
310,372
311,372
312,372
313,372
314,372
315,372
316,372
317,372
318,372
319,372
320,372
321,372
322,372
323,372
324,372
325,372
326,372
327,372
328,372
329,372
330,372
331,372
332,372
333,372
334,372
335,372
336,372
256,373
257,373
258,373
259,373
260,373
261,373
262,373
263,373
264,373
265,373
266,373
267,373
268,373
269,373
270,373
271,373
272,373
273,373
274,373
275,373
276,373
277,373
278,373
279,373
280,373
281,373
282,373
283,373
284,373
285,373
286,373
287,373
288,373
289,373
290,373
291,373
292,373
293,373
294,373
295,373
296,373
297,373
298,373
299,373
300,373
301,373
302,373
303,373
304,373
305,373
306,373
307,373
308,373
309,373
310,373
311,373
312,373
313,373
314,373
315,373
316,373
317,373
318,373
319,373
320,373
321,373
322,373
323,373
324,373
325,373
326,373
327,373
328,373
329,373
330,373
331,373
332,373
333,373
334,373
335,373
336,373
256,374
257,374
258,374
259,374
260,374
261,374
262,374
263,374
264,374
265,374
266,374
267,374
268,374
269,374
270,374
271,374
272,374
273,374
274,374
275,374
276,374
277,374
278,374
279,374
280,374
281,374
282,374
283,374
284,374
285,374
286,374
287,374
288,374
289,374
290,374
291,374
292,374
293,374
294,374
295,374
296,374
297,374
298,374
299,374
300,374
301,374
302,374
303,374
304,374
305,374
306,374
307,374
308,374
309,374
310,374
311,374
312,374
313,374
314,374
315,374
316,374
317,374
318,374
319,374
320,374
321,374
322,374
323,374
324,374
325,374
326,374
327,374
328,374
329,374
330,374
331,374
332,374
333,374
334,374
335,374
336,374
254,375
256,375
257,375
258,375
260,375
261,375
262,375
263,375
264,375
265,375
266,375
267,375
268,375
269,375
270,375
271,375
272,375
273,375
274,375
275,375
276,375
277,375
278,375
279,375
280,375
281,375
282,375
283,375
284,375
285,375
286,375
287,375
288,375
289,375
290,375
291,375
292,375
293,375
294,375
295,375
296,375
297,375
298,375
299,375
300,375
301,375
302,375
303,375
304,375
305,375
306,375
307,375
308,375
309,375
310,375
311,375
312,375
313,375
314,375
315,375
316,375
317,375
318,375
319,375
320,375
321,375
322,375
323,375
324,375
325,375
326,375
327,375
328,375
329,375
330,375
331,375
332,375
333,375
334,375
335,375
255,376
256,376
257,376
258,376
260,376
261,376
262,376
263,376
264,376
265,376
266,376
267,376
268,376
269,376
270,376
271,376
272,376
273,376
274,376
275,376
276,376
277,376
278,376
279,376
280,376
281,376
282,376
283,376
284,376
285,376
286,376
287,376
288,376
289,376
290,376
291,376
292,376
293,376
294,376
295,376
296,376
297,376
298,376
299,376
300,376
301,376
302,376
303,376
304,376
305,376
306,376
307,376
308,376
309,376
310,376
311,376
312,376
313,376
314,376
315,376
316,376
317,376
318,376
319,376
320,376
321,376
322,376
323,376
324,376
325,376
326,376
327,376
328,376
329,376
330,376
331,376
332,376
333,376
334,376
335,376
254,377
255,377
256,377
259,377
260,377
261,377
262,377
263,377
264,377
265,377
266,377
267,377
268,377
269,377
270,377
271,377
272,377
273,377
274,377
275,377
276,377
277,377
278,377
279,377
280,377
281,377
282,377
283,377
284,377
285,377
286,377
287,377
288,377
289,377
290,377
291,377
292,377
293,377
294,377
295,377
296,377
297,377
298,377
299,377
300,377
301,377
302,377
303,377
304,377
305,377
306,377
307,377
308,377
309,377
310,377
311,377
312,377
313,377
314,377
315,377
316,377
317,377
318,377
319,377
320,377
321,377
322,377
323,377
324,377
325,377
326,377
327,377
328,377
329,377
330,377
331,377
332,377
333,377
334,377
335,377
254,378
255,378
256,378
257,378
258,378
259,378
260,378
261,378
262,378
263,378
264,378
265,378
266,378
267,378
268,378
269,378
270,378
271,378
272,378
273,378
274,378
275,378
276,378
277,378
278,378
279,378
280,378
281,378
282,378
283,378
284,378
285,378
286,378
287,378
288,378
289,378
290,378
291,378
292,378
293,378
294,378
295,378
296,378
297,378
298,378
299,378
300,378
301,378
302,378
303,378
304,378
305,378
306,378
307,378
308,378
309,378
310,378
311,378
312,378
313,378
314,378
315,378
316,378
317,378
318,378
319,378
320,378
321,378
322,378
323,378
324,378
325,378
326,378
327,378
328,378
329,378
330,378
331,378
332,378
333,378
334,378
256,379
257,379
258,379
259,379
260,379
261,379
262,379
263,379
264,379
265,379
266,379
267,379
268,379
269,379
270,379
271,379
272,379
273,379
274,379
275,379
276,379
277,379
278,379
279,379
280,379
281,379
282,379
283,379
284,379
285,379
286,379
287,379
288,379
289,379
290,379
291,379
292,379
293,379
294,379
295,379
296,379
297,379
298,379
299,379
300,379
301,379
302,379
303,379
304,379
305,379
306,379
307,379
308,379
309,379
310,379
311,379
312,379
313,379
314,379
315,379
316,379
317,379
318,379
319,379
320,379
321,379
322,379
323,379
324,379
325,379
326,379
327,379
328,379
329,379
330,379
331,379
332,379
333,379
334,379
253,380
256,380
257,380
258,380
259,380
260,380
261,380
262,380
263,380
264,380
265,380
266,380
267,380
268,380
269,380
270,380
271,380
272,380
273,380
274,380
275,380
276,380
277,380
278,380
279,380
280,380
281,380
282,380
283,380
284,380
285,380
286,380
287,380
288,380
289,380
290,380
291,380
292,380
293,380
294,380
295,380
296,380
297,380
298,380
299,380
300,380
301,380
302,380
303,380
304,380
305,380
306,380
307,380
308,380
309,380
310,380
311,380
312,380
313,380
314,380
315,380
316,380
317,380
318,380
319,380
320,380
321,380
322,380
323,380
324,380
325,380
326,380
327,380
328,380
329,380
330,380
331,380
332,380
333,380
334,380
254,381
255,381
256,381
257,381
258,381
259,381
260,381
261,381
262,381
263,381
264,381
265,381
266,381
267,381
268,381
269,381
270,381
271,381
272,381
273,381
274,381
275,381
276,381
277,381
278,381
279,381
280,381
281,381
282,381
283,381
284,381
285,381
286,381
287,381
288,381
289,381
290,381
291,381
292,381
293,381
294,381
295,381
296,381
297,381
298,381
299,381
300,381
301,381
302,381
303,381
304,381
305,381
306,381
307,381
308,381
309,381
310,381
311,381
312,381
313,381
314,381
315,381
316,381
317,381
318,381
319,381
320,381
321,381
322,381
323,381
324,381
325,381
326,381
327,381
328,381
329,381
330,381
331,381
332,381
333,381
334,381
258,382
259,382
260,382
261,382
262,382
263,382
264,382
265,382
266,382
267,382
268,382
269,382
270,382
271,382
272,382
273,382
274,382
275,382
276,382
277,382
278,382
279,382
280,382
281,382
282,382
283,382
284,382
285,382
286,382
287,382
288,382
289,382
290,382
291,382
292,382
293,382
294,382
295,382
296,382
297,382
298,382
299,382
300,382
301,382
302,382
303,382
304,382
305,382
306,382
307,382
308,382
309,382
310,382
311,382
312,382
313,382
314,382
315,382
316,382
317,382
318,382
319,382
320,382
321,382
322,382
323,382
324,382
325,382
326,382
327,382
328,382
329,382
330,382
331,382
332,382
333,382
255,383
258,383
259,383
260,383
261,383
262,383
263,383
264,383
265,383
266,383
267,383
268,383
269,383
270,383
271,383
272,383
273,383
274,383
275,383
276,383
277,383
278,383
279,383
280,383
281,383
282,383
283,383
284,383
285,383
286,383
287,383
288,383
289,383
290,383
291,383
292,383
293,383
294,383
295,383
296,383
297,383
298,383
299,383
300,383
301,383
302,383
303,383
304,383
305,383
306,383
307,383
308,383
309,383
310,383
311,383
312,383
313,383
314,383
315,383
316,383
317,383
318,383
319,383
320,383
321,383
322,383
323,383
324,383
325,383
326,383
327,383
328,383
329,383
330,383
331,383
332,383
333,383
256,384
257,384
258,384
259,384
260,384
261,384
262,384
263,384
264,384
265,384
266,384
267,384
268,384
269,384
270,384
271,384
272,384
273,384
274,384
275,384
276,384
277,384
278,384
279,384
280,384
281,384
282,384
283,384
284,384
285,384
286,384
287,384
288,384
289,384
290,384
291,384
292,384
293,384
294,384
295,384
296,384
297,384
298,384
299,384
300,384
301,384
302,384
303,384
304,384
305,384
306,384
307,384
308,384
309,384
310,384
311,384
312,384
313,384
314,384
315,384
316,384
317,384
318,384
319,384
320,384
321,384
322,384
323,384
324,384
325,384
326,384
327,384
328,384
329,384
330,384
331,384
332,384
333,384
257,385
258,385
259,385
260,385
261,385
262,385
263,385
264,385
265,385
266,385
267,385
268,385
269,385
270,385
271,385
272,385
273,385
274,385
275,385
276,385
277,385
278,385
279,385
280,385
281,385
282,385
283,385
284,385
285,385
286,385
287,385
288,385
289,385
290,385
291,385
292,385
293,385
294,385
295,385
296,385
297,385
298,385
299,385
300,385
301,385
302,385
303,385
304,385
305,385
306,385
307,385
308,385
309,385
310,385
311,385
312,385
313,385
314,385
315,385
316,385
317,385
318,385
319,385
320,385
321,385
322,385
323,385
324,385
325,385
326,385
327,385
328,385
329,385
330,385
331,385
332,385
257,386
258,386
259,386
260,386
261,386
262,386
263,386
264,386
265,386
266,386
267,386
268,386
269,386
270,386
271,386
272,386
273,386
274,386
275,386
276,386
277,386
278,386
279,386
280,386
281,386
282,386
283,386
284,386
285,386
286,386
287,386
288,386
289,386
290,386
291,386
292,386
293,386
294,386
295,386
296,386
297,386
298,386
299,386
300,386
301,386
302,386
303,386
304,386
305,386
306,386
307,386
308,386
309,386
310,386
311,386
312,386
313,386
314,386
315,386
316,386
317,386
318,386
319,386
320,386
321,386
322,386
323,386
324,386
325,386
326,386
327,386
328,386
329,386
330,386
331,386
332,386
258,387
259,387
260,387
261,387
262,387
263,387
264,387
265,387
266,387
267,387
268,387
269,387
270,387
271,387
272,387
273,387
274,387
275,387
276,387
277,387
278,387
279,387
280,387
281,387
282,387
283,387
284,387
285,387
286,387
287,387
288,387
289,387
290,387
291,387
292,387
293,387
294,387
295,387
296,387
297,387
298,387
299,387
300,387
301,387
302,387
303,387
304,387
305,387
306,387
307,387
308,387
309,387
310,387
311,387
312,387
313,387
314,387
315,387
316,387
317,387
318,387
319,387
320,387
321,387
322,387
323,387
324,387
325,387
326,387
327,387
328,387
329,387
330,387
331,387
259,388
260,388
261,388
262,388
263,388
264,388
265,388
266,388
267,388
268,388
269,388
270,388
271,388
272,388
273,388
274,388
275,388
276,388
277,388
278,388
279,388
280,388
281,388
282,388
283,388
284,388
285,388
286,388
287,388
288,388
289,388
290,388
291,388
292,388
293,388
294,388
295,388
296,388
297,388
298,388
299,388
300,388
301,388
302,388
303,388
304,388
305,388
306,388
307,388
308,388
309,388
310,388
311,388
312,388
313,388
314,388
315,388
316,388
317,388
318,388
319,388
320,388
321,388
322,388
323,388
324,388
325,388
326,388
327,388
328,388
329,388
330,388
260,389
261,389
262,389
263,389
264,389
265,389
266,389
267,389
268,389
269,389
270,389
271,389
272,389
273,389
274,389
275,389
276,389
277,389
278,389
279,389
280,389
281,389
282,389
283,389
284,389
285,389
286,389
287,389
288,389
289,389
290,389
291,389
292,389
293,389
294,389
295,389
296,389
297,389
298,389
299,389
300,389
301,389
302,389
303,389
304,389
305,389
306,389
307,389
308,389
309,389
310,389
311,389
312,389
313,389
314,389
315,389
316,389
317,389
318,389
319,389
320,389
321,389
322,389
323,389
324,389
325,389
326,389
327,389
328,389
329,389
262,390
263,390
264,390
265,390
266,390
267,390
268,390
269,390
270,390
271,390
272,390
273,390
274,390
275,390
276,390
277,390
278,390
279,390
280,390
281,390
282,390
283,390
284,390
285,390
286,390
287,390
288,390
289,390
290,390
291,390
292,390
293,390
294,390
295,390
296,390
297,390
298,390
299,390
300,390
301,390
302,390
303,390
304,390
305,390
306,390
307,390
308,390
309,390
310,390
311,390
312,390
313,390
314,390
315,390
316,390
317,390
318,390
319,390
320,390
321,390
322,390
323,390
324,390
325,390
326,390
327,390
263,391
264,391
265,391
266,391
267,391
268,391
269,391
270,391
271,391
272,391
273,391
274,391
275,391
276,391
277,391
278,391
279,391
280,391
281,391
282,391
283,391
284,391
285,391
286,391
287,391
288,391
289,391
290,391
291,391
292,391
293,391
294,391
295,391
296,391
297,391
298,391
299,391
300,391
301,391
302,391
303,391
304,391
305,391
306,391
307,391
308,391
309,391
310,391
311,391
312,391
313,391
314,391
315,391
316,391
317,391
318,391
319,391
320,391
321,391
322,391
323,391
324,391
325,391
265,392
266,392
267,392
268,392
269,392
270,392
271,392
272,392
273,392
274,392
275,392
276,392
277,392
278,392
279,392
280,392
281,392
282,392
283,392
284,392
285,392
286,392
287,392
288,392
289,392
290,392
291,392
292,392
293,392
294,392
295,392
296,392
297,392
298,392
299,392
300,392
301,392
302,392
303,392
304,392
305,392
306,392
307,392
308,392
309,392
310,392
311,392
312,392
313,392
314,392
315,392
316,392
317,392
318,392
319,392
320,392
321,392
322,392
323,392
267,393
268,393
269,393
270,393
271,393
272,393
273,393
274,393
275,393
276,393
277,393
278,393
279,393
280,393
281,393
282,393
283,393
284,393
285,393
286,393
287,393
288,393
289,393
290,393
291,393
292,393
293,393
294,393
295,393
296,393
297,393
298,393
299,393
300,393
301,393
302,393
303,393
304,393
305,393
306,393
307,393
308,393
309,393
310,393
311,393
312,393
313,393
314,393
315,393
316,393
317,393
318,393
319,393
320,393
321,393
270,394
271,394
272,394
273,394
274,394
275,394
276,394
277,394
278,394
279,394
280,394
281,394
282,394
283,394
284,394
285,394
286,394
287,394
288,394
289,394
290,394
291,394
292,394
293,394
294,394
295,394
296,394
297,394
298,394
299,394
300,394
301,394
302,394
303,394
304,394
305,394
306,394
307,394
308,394
309,394
310,394
311,394
312,394
313,394
314,394
315,394
316,394
317,394
318,394
319,394
320,394
272,395
273,395
274,395
275,395
276,395
277,395
278,395
279,395
280,395
281,395
282,395
283,395
284,395
285,395
286,395
287,395
288,395
289,395
290,395
291,395
292,395
293,395
294,395
295,395
296,395
297,395
298,395
299,395
300,395
301,395
302,395
303,395
304,395
305,395
306,395
307,395
308,395
309,395
310,395
311,395
312,395
313,395
314,395
315,395
316,395
317,395
318,395
319,395
275,396
276,396
277,396
278,396
279,396
280,396
281,396
282,396
283,396
284,396
285,396
286,396
287,396
288,396
289,396
290,396
291,396
292,396
293,396
294,396
295,396
296,396
297,396
298,396
299,396
300,396
301,396
302,396
303,396
304,396
305,396
306,396
307,396
308,396
309,396
310,396
311,396
312,396
313,396
314,396
315,396
316,396
317,396
278,397
279,397
280,397
281,397
282,397
283,397
284,397
285,397
286,397
287,397
288,397
289,397
290,397
291,397
292,397
293,397
294,397
295,397
296,397
297,397
298,397
299,397
300,397
301,397
302,397
303,397
304,397
305,397
306,397
307,397
308,397
309,397
310,397
311,397
312,397
313,397
314,397
315,397
281,398
282,398
283,398
284,398
285,398
286,398
287,398
288,398
289,398
290,398
291,398
292,398
293,398
294,398
295,398
296,398
297,398
298,398
299,398
300,398
301,398
302,398
303,398
304,398
305,398
306,398
307,398
308,398
309,398
310,398
311,398
312,398
313,398
314,398